1.05987348809856
1.05992757432018
1.0599775992232
1.06001868306224
1.06004896541537
1.06006333170868
1.06006270980958
1.06005147701866
1.06003245522945
1.06001088268665
1.05999597244906
1.05999102881699
1.06000310752718
1.06003275781911
1.06008159322781
1.06016383459347
1.06027755692866
1.06041788614651
1.06058514793832
1.06076904006998
1.06095992348446
1.0611589665069
1.0613556145328
1.06154272082218
1.06171942154315
1.06187961395021
1.06202702958638
1.0621607170923
1.06227924324204
1.06238667714743
1.06248039335135
1.06256179616628
1.06263775999713
1.06270388227746
1.06275658109138
1.06279509750598
1.0628123266206
1.06281114756031
1.06278853006904
1.0627378361525
1.06266562852531
1.06257465443467
1.06246429720306
1.06234341493915
1.06222196626409
1.06210878206924
1.06201396505146
1.06193865973077
1.06188719453146
1.0618643012601
1.06187531665139
1.06192664561919
1.06200663240717
1.06210882364613
1.06223353631921
1.06237763822817
1.06253212762096
1.06269017675662
1.06284430954126
1.06299015621915
1.06313089422019
1.06326530386768
1.0633909532034
1.06350315872351
1.06360247952129
1.06369104334143
1.06376370379224
1.06382042932972
1.06386501655278
1.06389431492003
1.06390372603251
1.0638823223614
1.06382880846256
1.06375001674527
1.06365001411362
1.06353145526215
1.06339167648011
1.06323358078357
1.06306831970479
1.06290715030891
1.06276365052802
1.06263780891047
1.06253720046533
1.06247013396246
1.06243746766406
1.06243770677123
1.06247822384344
1.06262976088755
1.06290976404029
1.06324453767687
1.06362645632795
1.06407332461334
1.06458933551883
1.06516185450492
1.06576788080258
1.06637854003474
1.06696832483708
1.06751819187136
1.06800260399822
1.06839171198236
1.06867680121842
1.06885784104115
1.06895993734337
1.06912726815781
1.06956096273362
1.07039246826652
1.07162924147705
1.07318946742604
1.07504990241763
1.0772937520079
1.08000119620362
1.08308427304364
1.08638601706182
1.08974174606224
1.09297948360213
1.09594484033488
1.09850763853938
1.10057717560493
1.10212039710755
1.10315768589729
1.10375739923987
1.10402829641696
1.10418007089471
1.10434949526815
1.10446097340987
1.1045048978225
1.10461967998563
1.1049733179976
1.10566008067587
1.10658685413287
1.10760399491694
1.10860992191623
1.10954296023627
1.11035693833666
1.11101842337759
1.1115064654152
1.11184910689622
1.11220096113591
1.11275038706261
1.1135575813854
1.11453986825972
1.11574210223132
1.11722739074814
1.11903534486041
1.12133205325818
1.12420289648628
1.12744976933445
1.13087052959029
1.13435150415117
1.1378002828788
1.14111727448675
1.14421265597475
1.14701427045024
1.14947049262261
1.15155024933652
1.15323968244166
1.15455000619339
1.15554323528149
1.15638077552757
1.15727518058945
1.15845827332758
1.16003741647802
1.16199218792449
1.16434201467856
1.16707342332342
1.17019790182705
1.1738801545561
1.17817559752299
1.18284146625542
1.18757381399974
1.192210710488
1.1966680488327
1.2008620213669
1.20472050232553
1.20819437076772
1.21125090881536
1.21387441128258
1.21605517854067
1.21775711547045
1.21890513554717
1.21954041058273
1.21983637426616
1.2200443409276
1.22031868696066
1.22078138741074
1.2214850230004
1.222330338081
1.22325625279897
1.22443282286468
1.22610993038118
1.22849518453006
1.23161546896456
1.23537374531322
1.23955104874816
1.24401789040977
1.24883872975384
1.25415103069238
1.26000993922991
1.26636356253486
1.27303680221564
1.27984595922056
1.28670913523153
1.29355314654668
1.30025339742291
1.30660222858849
1.31239549060328
1.3175617601501
1.32211964850849
1.3260248493421
1.32926902164598
1.33199974748949
1.33433594583139
1.33648625646458
1.33867784101492
1.3413411533972
1.34484638255155
1.34924643380516
1.35443339304809
1.36028046297253
1.36677577933571
1.37389388260275
1.38143166189328
1.38899574801385
1.39620348197617
1.40276117797579
1.40845967925152
1.41317366640088
1.41686182689551
1.4195523076165
1.4213320036244
1.42233821809722
1.42291173706813
1.42332547781252
1.42420197269607
1.42586819075521
1.42851062528889
1.43198805943758
1.43631609340021
1.44161931892234
1.44798447362744
1.45529381257758
1.46334006562156
1.47162710162426
1.47974388883254
1.48741981967061
1.49443089094091
1.50060409682023
1.50583946743024
1.51011219566967
1.51346725435239
1.5159916367493
1.51776251430428
1.51877300499136
1.5193171678457
1.51948628239533
1.51973457215254
1.52009243247947
1.52067188117809
1.52159336211474
1.52280836366058
1.52422539940341
1.52573335638072
1.52725645136249
1.52892274271767
1.53067017271025
1.53231396696648
1.53372523462362
1.53484447385322
1.53565337143279
1.53616577804048
1.53642308407684
1.53648104737061
1.53640018937002
1.53623996243751
1.53601801237422
1.53571596022849
1.53532447946167
1.53504071289672
1.53495042982009
1.5349274413068
1.53492655930479
1.53492366922085
1.53491547380241
1.53490207460506
1.53488543742015
1.53486535185599
1.53483814662792
1.53471762006605
1.53443682288817
1.53389310476159
1.5331950097983
1.53238720808505
1.53139939289195
1.5301444467912
1.52848451789331
1.52651815721724
1.52435158193099
1.52192134805285
1.5191691976207
1.51621954711069
1.51324537752668
1.51025164129334
1.50729042733099
1.50441574209996
1.50166167020925
1.49898891309873
1.49629762720763
1.49342131876946
1.49016948813281
1.48621798374154
1.48118964209645
1.47442278159365
1.46565205692278
1.45472718824763
1.44169987366777
1.42679491278484
1.41026097294704
1.39261540625338
1.37469154045316
1.35741110327205
1.34164647981876
1.32833392475394
1.3183984983208
1.31236117970766
1.31039872801177
1.31236624671505
1.31791433932729
1.32648204229576
1.33736634693933
1.34983226220799
1.36280842610952
1.37534905874352
1.38684883986925
1.3967334053797
1.40476152093342
1.41091028070908
1.41546534883919
1.41868684373349
1.42098894812465
1.42291915653975
1.42501696344581
1.42761694255913
1.43079727748585
1.43462371226238
1.43918774434865
1.44462387054575
1.45101379043018
1.45807457881605
1.46562162046025
1.47320717239959
1.48041913819496
1.48732957668399
1.49401648796646
1.50058576231759
1.50702421041112
1.51339184774906
1.51952001949151
1.52527203068365
1.53077653039589
1.53610440253347
1.54118689397406
1.54594471453392
1.55049273559503
1.5550830023855
1.55972191591995
1.56421289449419
1.56837711484745
1.5723149343649
1.57644793830051
1.58092313280985
1.58598544328474
1.59164909455607
1.59774199029199
1.60407047000405
1.61041772479294
1.61682362089699
1.62332236181025
1.63002392311168
1.63695322431386
1.64410193577732
1.65156676499345
1.65958373412433
1.66834058666199
1.67791878437416
1.68831059727084
1.69963864392257
1.712076594332
1.72557848151395
1.73977737553671
1.75411659214545
1.76811103909949
1.78140310378234
1.79377073610387
1.80495597396573
1.81469679841231
1.82284469709617
1.82930659435988
1.83400522137429
1.83696290136685
1.8381870744106
1.8376867834739
1.83540673892248
1.83136301279129
1.82555601711035
1.81789999384524
1.80839501794094
1.79713617570969
1.78415881010846
1.76941684937363
1.75300925367642
1.73544106809106
1.71735762547328
1.69931348642629
1.68177648775238
1.66532131977129
1.650501358828
1.63767806896789
1.62704590857128
1.61881507734059
1.61311067938532
1.60988124386024
1.60888176076636
1.60975718751675
1.61191969987448
1.61475441339992
1.6176921180242
1.62026407751386
1.62209788737215
1.62296169896945
1.62284575426003
1.62185728442638
1.62003256778702
1.61745815060658
1.6143650372701
1.6110577428693
1.60779404314589
1.60483743803377
1.60246538241888
1.60085643281532
1.59995611367281
1.59958110866943
1.59956161918068
1.59977312493108
1.60012340271851
1.60058635823761
1.60115394930116
1.60177608045346
1.60228532988904
1.60254985491498
1.6025986572608
1.60243779766481
1.60200145696699
1.60132930529277
1.60051509314335
1.59954366211582
1.5983665012874
1.59698172724998
1.59542028747016
1.5937408479692
1.59202274326048
1.59035312583741
1.58881661545241
1.58745940979403
1.58624832664744
1.58515982214415
1.58424506894481
1.58350089978872
1.5828477241411
1.58221947611887
1.58157192202889
1.58089666280048
1.58026482920166
1.57970222442843
1.5790207692865
1.57802168572717
1.57677469831504
1.57548676940294
1.57418756714513
1.57281168823591
1.57128925379815
1.56960045610881
1.56779907506058
1.56594011885929
1.5640988370108
1.56241366747704
1.56105732769614
1.56022954390389
1.56012409156054
1.56084740991212
1.56233697097599
1.56454450320462
1.56749468313622
1.57130013532206
1.5760201620907
1.58150897743352
1.58747769689374
1.59358296384615
1.59955268878769
1.60538970396962
1.61109828141762
1.61648924628951
1.62140035795338
1.62584367145247
1.63000863230751
1.6341317117049
1.63846965742092
1.64320469178282
1.6486577495928
1.65523691178144
1.6635510448608
1.67414370531817
1.68749323944556
1.70383551454213
1.72342788805661
1.74645488826999
1.77338331319036
1.80472683830903
1.84049334477336
1.88068108462558
1.9251034003114
1.97357180694296
2.02605297302984
2.0823383056202
2.14184516463746
2.20381729602264
2.26751000549961
2.33206479696637
2.39664913395966
2.46046676404576
2.52283356577402
2.58291782582162
2.63994131477676
2.69328015629871
2.74274335272358
2.78838141729703
2.83045867904164
2.86932938109906
2.90518081499215
2.93847404791125
2.96949452292416
2.99862812074842
3.02616206097183
3.05204988241794
3.07607196583948
3.09794258793233
3.11737357203148
3.133890007598
-3.13599316567509
-3.12611095341248
-3.11986653036009
-3.11727546145186
-3.1179778306726
-3.12134053369378
-3.12673293346144
-3.13354825851366
-3.14121768200215
3.13412028968368
3.12661070073813
3.12000504427713
3.11465466415339
3.1106578772258
3.10791416681336
3.1062307006977
3.10541812078968
3.10526179277822
3.10557962748766
3.10611953460625
3.1067444940835
3.10726495895444
3.10756213891678
3.10766194095886
3.10767613004682
3.10767429796211
3.10767792656956
3.10768881930405
3.10770285004504
3.1077198663068
3.10773973317977
3.10775877481791
3.1077743271584
3.10778561442171
3.10779697909605
3.10780540319045
3.10780430994891
3.10779892945869
3.1077990062867
3.10789952458582
3.10823040244657
3.10878441427839
3.10947913072709
3.11030965309684
3.11132181643923
3.11252756822778
3.11389742372082
3.11538460609776
3.11692165689605
3.11842613965907
3.11981953429546
3.1210307066474
3.12201138679658
3.12273905123453
3.12321611270234
3.12346670445624
3.12353711927712
3.12347992889082
3.12335295953312
3.12328814846333
3.12326519246626
3.12320468799758
3.12323205589639
3.12347757958127
3.12391629320544
3.12452752029665
3.12543161822029
3.12664748401315
3.12804365698004
3.12955917373979
3.1312142406617
3.13301133293897
3.13495091400619
3.13697500211658
3.13899060073714
3.14094623318131
-3.14033425399811
-3.13839592678865
-3.13628711524819
-3.13392382905886
-3.13136277287539
-3.12858413812375
-3.12553911252235
-3.122100963874
-3.11812326409918
-3.11353388283942
-3.1085002773818
-3.10335512702224
-3.0981528091326
-3.09267851065388
-3.08680825658045
-3.08098574233026
-3.07545475343194
-3.06987340807305
-3.0637156924908
-3.05679945549278
-3.04941577687357
-3.04161067353315
-3.0331348227738
-3.02419668444558
-3.01481483359961
-3.00489997382393
-2.9944314320852
-2.98322123511274
-2.97149043242494
-2.9591651064339
-2.94614573228642
-2.93180978635118
-2.91564080557305
-2.89706818648003
-2.8754471038904
-2.85032114350135
-2.82093589905787
-2.78732041839815
-2.74958404438943
-2.70780704720657
-2.66199353082517
-2.61218756780626
-2.55873630945308
-2.50271215102604
-2.44489659530051
-2.38571416452466
-2.32529718515385
-2.26379217823174
-2.20136603108596
-2.13766747775563
-2.07260075166789
-2.00618318478482
-1.93881282527908
-1.87063645896494
-1.80211310241865
-1.73401690680209
-1.66719254905078
-1.6027773912106
-1.54196320042821
-1.48665361140217
-1.43848580522892
-1.39835905967186
-1.36655621159774
-1.34350973493266
-1.32885431642768
-1.32166134790167
-1.32114025268012
-1.32626686434956
-1.33554341061901
-1.34739510502777
-1.36052804245686
-1.3737531442602
-1.38607167650592
-1.39697159792823
-1.40648975991711
-1.41468312601526
-1.4216372045085
-1.42765708492566
-1.43316529701973
-1.43863513876415
-1.44400445712773
-1.44919658558453
-1.45441013175591
-1.45990151717874
-1.46526121213627
-1.4700472912646
-1.47438992778064
-1.47848075552165
-1.48248608605771
-1.48649908821585
-1.4905431337151
-1.49456414200889
-1.49869420080378
-1.50316029318328
-1.50806123912245
-1.51323191464042
-1.51858518920136
-1.5240934503855
-1.52942343614857
-1.53429335456142
-1.53855468776604
-1.54248701833231
-1.54609742648256
-1.54915964526745
-1.55164168256173
-1.55393118043444
-1.55637675168182
-1.55886920611765
-1.5612939120775
-1.56365406599063
-1.56609042693888
-1.56870801477963
-1.57145523307712
-1.57407352576507
-1.5762856638803
-1.57802331119352
-1.57940185498892
-1.58047797921276
-1.58113085919044
-1.58135373984479
-1.58117613021617
-1.58063725251181
-1.57984698494242
-1.57904746788156
-1.57841686203899
-1.57791445569308
-1.57741209164554
-1.57689046984925
-1.57646846722817
-1.57626477601471
-1.57623734403344
-1.57625992031874
-1.57627764906808
-1.57627818840634
-1.57625863515322
-1.57621845087179
-1.57615511216634
-1.57606271225303
-1.57594380794881
-1.57572879867561
-1.57523623188272
-1.57444653634835
-1.57345310513506
-1.57231029321431
-1.5709428491291
-1.56934598924757
-1.56754934453341
-1.56560469147419
-1.56358844562558
-1.56160203353767
-1.55974680652845
-1.55811346177395
-1.55675918468617
-1.55571207765684
-1.55498429778995
-1.55455716038516
-1.55437990460471
-1.55438719685931
-1.55451208960377
-1.55469289931889
-1.55493062040338
-1.5552708798284
-1.55559136506915
-1.55574915696844
-1.55572710581612
-1.55564715116557
-1.55554546768505
-1.55550522880908
-1.55568717389928
-1.55613897909581
-1.55675425843463
-1.55750958330133
-1.55846499055748
-1.55965355579545
-1.56106436394592
-1.56263081057382
-1.56427554942993
-1.56591992489707
-1.56748902405908
-1.56890547576228
-1.57009988248969
-1.57103436082751
-1.57170719199364
-1.57214027838479
-1.57237580813827
-1.572465965499
-1.57245743878713
-1.57239234305215
-1.57226506759406
-1.57204376178924
-1.57181700088236
-1.57173325979759
-1.57178456654803
-1.57187876468591
-1.57197571500872
-1.57206417798612
-1.57215347990951
-1.57225435987904
-1.57236343292734
-1.57247584409259
-1.57259109456898
-1.57271225814995
-1.57285056286816
-1.57300977762937
-1.57318057264008
-1.57334849797428
-1.57352265692449
-1.57371652106832
-1.5739213268742
-1.57412320048247
-1.57429917613466
-1.57444299998911
-1.57456537067364
-1.57466001146437
-1.57471255452615
-1.57471486398851
-1.57465646106394
-1.57452957602828
-1.57433872083113
-1.57410158125002
-1.57382082697136
-1.57349925181186
-1.57314892543334
-1.5727669198353
-1.57236536478931
-1.57198618041379
-1.57165477976033
-1.57136028699317
-1.57110751697181
-1.57091365608371
-1.57078323200201
-1.57073022407377
-1.57074549696848
-1.57080676552388
-1.57091121989671
-1.57104521519072
-1.57119912826686
-1.5713726294092
-1.57154713535594
-1.57167425198164
-1.57163594585491
-1.57133517714415
-1.57089130177797
-1.57027378048351
-1.56930706783968
-1.56807342099149
-1.56668291862528
-1.5650783881042
-1.56328956186862
-1.56113657661609
-1.55837525419679
-1.55528861717351
-1.55211942167626
-1.5485298175715
-1.54450044147706
-1.54023463893659
-1.53541582130532
-1.52973952496027
-1.52309492445928
-1.51588074900822
-1.50832707782864
-1.50016785044357
-1.49104454744998
-1.48081903650618
-1.46970249776966
-1.45775579856806
-1.44468335501785
-1.43029911255781
-1.41458045036141
-1.39750832932157
-1.37927898318883
-1.36011175800599
-1.33965714740453
-1.31774931822679
-1.29485486326132
-1.27094745346871
-1.24594906385044
-1.22020870568877
-1.19390601169327
-1.16695960263487
-1.13903341847412
-1.11004262645603
-1.08030048312235
-1.04986483427472
-1.01857205673747
-0.986357022729137
-0.953563545813164
-0.920661531632407
-0.888052430153518
-0.856022601689526
-0.824666158442069
-0.794173714040217
-0.764817925479309
-0.737054323251582
-0.711241952517537
-0.687392094683865
-0.665387831845935
-0.644942742945893
-0.625841394284163
-0.607714237826533
-0.590195788843525
-0.572884213063059
-0.555522812668545
-0.537876187431105
-0.519710447982677
-0.500607873529253
-0.480217923883419
-0.458309427258482
-0.43472204147001
-0.409415165292796
-0.382526816145091
-0.354435816054606
-0.32531683384585
-0.295406475772252
-0.265031867882045
-0.234740386504493
-0.205202165427614
-0.17713440886631
-0.15107571603446
-0.12748891265183
-0.106870504969788
-0.0896348672790881
-0.075886415501848
-0.0655840556120249
-0.0585411294305101
-0.0543134003812196
-0.0523315290681146
-0.0519102557159459
-0.0525962738085693
-0.0539654786905495
-0.0555564144185426
-0.0568755370798766
-0.0572990897606893
-0.0566579003815797
-0.054913386420995
-0.0523419950089637
-0.0490939099881527
-0.0453310225133532
-0.0411338716583603
-0.0366940127827127
-0.0322516219992768
-0.027954044510879
-0.0238666205834142
-0.0200322645948703
-0.0163679196229272
-0.0126465366143649
-0.00889546509606756
-0.00529491694311382
-0.00190955911261994
0.00150374557271136
0.00508412386363564
0.0087425955647473
0.012280840476589
0.0154708958566016
0.0182909217979794
0.0207326426748098
0.0229111231339096
0.0247088376155309
0.0259862634035108
0.0266623786069739
0.0267940365149959
0.026638186907659
0.0263163228594327
0.0258354863946717
0.0251931240972209
0.024400522798581
0.0233883509558052
0.0221908928026362
0.0210740936741291
0.0201233194371075
0.01918853982555
0.0180149659774533
0.0163106487689626
0.0140593333986201
0.0111413258863491
0.00720648030783597
0.00210639785789699
-0.00389406314654586
-0.0109152163669786
-0.0193254908043346
-0.0291715793720766
-0.0402871780807817
-0.0526959219657395
-0.0664459190717824
-0.0814985130164223
-0.0979402664297562
-0.116153355247836
-0.136164360517463
-0.158647152204763
-0.184196850771543
-0.213511679289396
-0.246662217635763
-0.283485156165864
-0.323800716566317
-0.367976214230862
-0.416021003087013
-0.46735229795598
-0.521642878684889
-0.578480843340088
-0.637607745419745
-0.698152203685097
-0.759793354131603
-0.82220414753471
-0.88519091454894
-0.948681925827459
-1.01227300451004
-1.07548679857699
-1.13752091843239
-1.19773545055131
-1.25483977970906
-1.30784791513545
-1.35574013433186
-1.39806747008687
-1.43442380759641
-1.4644958375277
-1.48781300294522
-1.50441764630836
-1.51535286018134
-1.52160960141637
-1.5242974814255
-1.52397384210022
-1.52204400474726
-1.5199516896395
-1.51877624612644
-1.51928096030568
-1.52184823660469
-1.52714155354436
-1.53506627613654
-1.54552977971323
-1.55862878641655
-1.57411226188599
-1.59144151736729
-1.60981930517776
-1.6285533307868
-1.64709970267028
-1.66473458874168
-1.68088637681298
-1.69510297880853
-1.70677349586455
-1.71573226045848
-1.72219289531059
-1.72645042844552
-1.72869933906422
-1.72908376965648
-1.72815680474397
-1.72627355608446
-1.72395154823226
-1.72154221307052
-1.71956300843329
-1.71805010377788
-1.71679027817835
-1.71584828999873
-1.71543085513431
-1.71571347838153
-1.7163075182348
-1.71687630824185
-1.71752468070896
-1.71847231632385
-1.71973985507821
-1.72121809187636
-1.72286425017877
-1.72481126406135
-1.7270844712815
-1.7296351688974
-1.7322712033215
-1.73504803771495
-1.73810991436414
-1.74149688994577
-1.74516668314144
-1.74902391743911
-1.75299531266071
-1.75707709262475
-1.76125745554962
-1.76551478441154
-1.76986486386147
-1.77457175563678
-1.77990424216222
-1.78581016860005
-1.79226142979562
-1.79929271336217
-1.80699256097817
-1.81525020793225
-1.82386417072831
-1.83274706012571
-1.84174106434347
-1.85063094653864
-1.85889229719605
-1.86609678536133
-1.8720511780943
-1.87677530562898
-1.88046587965958
-1.88336541460746
-1.88571208671985
-1.88797622145493
-1.89051458371528
-1.89362151076254
-1.89752517117048
-1.90224627674112
-1.90793633108238
-1.91457529648881
-1.92205871541123
-1.93004487023222
-1.93808213407655
-1.94562905209797
-1.95229112954482
-1.95795603876065
-1.9625248960419
-1.96598558037345
-1.96840824465776
-1.96997961090706
-1.97088851564958
-1.97134666228656
-1.97159251917171
-1.97187931291526
-1.97224070228037
-1.97275963275794
-1.9735240101846
-1.97462726042412
-1.97608450478363
-1.97769902192873
-1.97936315783835
-1.98099462615005
-1.98252240532201
-1.98399250826067
-1.98550855531147
-1.98704048365841
-1.98839646051675
-1.98961471302738
-1.99078419918957
-1.99193036058458
-1.99303897910736
-1.99412261845401
-1.99530233949175
-1.99650927170923
-1.9976579164788
-1.99880203493683
-2.00008839544787
-2.00161746256234
-2.00338487071118
-2.00527670032477
-2.0072820368243
-2.00940558297523
-2.01164668878962
-2.01405262732408
-2.01653110403066
-2.01888031203108
-2.02107903540817
-2.02320818318676
-2.0252223140201
-2.02702394385911
-2.0285756482247
-2.02993706122406
-2.03114428873209
-2.03207162773743
-2.03285845112511
-2.03363057349176
-2.03444641481663
-2.03536952496919
-2.03633582928338
-2.03731701860704
-2.03844399654801
-2.03979636198956
-2.04141399840348
-2.04329142917763
-2.04531423034712
-2.04740264038233
-2.04961022623163
-2.05192053962812
-2.05426048050303
-2.05656925888343
-2.05883395260257
-2.06108423669946
-2.06322643154218
-2.06516296760509
-2.06695799971378
-2.06861725926439
-2.0701081689498
-2.07139710018128
-2.07246118358895
-2.07340004517942
-2.07429145725061
-2.075103030217
-2.07576550390508
-2.07620942617561
-2.07645956787256
-2.07662639332652
-2.07678748178748
-2.07691582818658
-2.07699294094625
-2.07702707012076
-2.07703931694679
-2.0770167819674
-2.07693485825746
-2.07685880223451
-2.07686686431783
-2.0769258828923
-2.07698804359822
-2.07703981309383
-2.07708126509142
-2.07710684833151
-2.07712400317222
-2.07713735581255
-2.07714548794745
-2.07714134275855
-2.07713000625341
-2.07712884594062
-2.07713322747326
-2.07714185374993
-2.07716089224674
-2.07719194185435
-2.07723537450325
-2.07729195236685
-2.07736326364961
-2.07744965817278
-2.07759768264263
-2.07793261543086
-2.07845727507589
-2.07907079246759
-2.07975570940394
-2.08053813002758
-2.08143085590202
-2.0824690567851
-2.08386033351417
-2.08570375529764
-2.08846442269644
-2.09239278874122
-2.09803505394162
-2.10567115925643
-2.11523291406343
-2.1268734380305
-2.14107585694296
-2.15775158427087
-2.1766165308574
-2.1978215793818
-2.22132258442138
-2.24693700576673
-2.27447612591783
-2.30416752875787
-2.33638352609237
-2.3711115341088
-2.40811878991198
-2.44759627071829
-2.48980161828437
-2.53416231707372
-2.58030289782203
-2.62787632791263
-2.67667060056043
-2.72605889176493
-2.77579800330968
-2.8259763823566
-2.87658117360746
-2.92746715895496
-2.97887887148452
-3.03099553909641
-3.0837924574243
-3.13780662654559
3.08969983157445
3.03236819393386
2.97388037354538
2.9151967764731
2.85708805842892
2.80031922324162
2.74631667004196
2.69673105280396
2.65218470092475
2.61337882911796
2.58149912992797
2.5571625229934
2.54015718137255
2.53002898939965
2.52643967586445
2.52875790289691
2.53584605490295
2.54617163826636
2.55826052362631
2.57104491535968
2.58380225035171
2.59579936790472
2.60632797800805
2.61495023210367
2.6214566341432
2.62607558544135
2.62908875472581
2.6307346121666
2.63139530338175
2.63193163881616
2.63291038030008
2.63422622502146
2.63585543249569
2.63807789457701
2.64090003779033
2.64389292049612
2.64677417231944
2.64940693035999
2.65166584762463
2.65346052737036
2.65473362914287
2.65546535803467
2.65569592077477
2.65549123457307
2.65500551041243
2.65443219324626
2.65406113706645
2.65409029676482
2.65453518197107
2.65536653796652
2.65673067757379
2.65891695983642
2.66227232926925
2.66684370908669
2.67240126819638
2.67867210843694
2.68547562722618
2.69280886548204
2.70072191623781
2.70916465831713
2.71788444269934
2.72642265526446
2.73455915064664
2.74229490692283
2.74966124298707
2.75638876425461
2.76217616116735
2.7674311398461
2.77259148517074
2.7780125915101
2.78339696966136
2.7888480935329
2.79503595335703
2.80231590450825
2.81064690268582
2.82028315851091
2.83188317337552
2.84570241987041
2.86183283115834
2.88039537117604
2.90154943158692
2.92596741873298
2.95402760284348
2.98620146229338
3.02216240007261
3.06175719699846
3.10526279112661
-3.13061290081792
-3.08039016844937
-3.02742566265981
-2.97266967281918
-2.91694430419708
-2.86163098532559
-2.8082120992907
-2.7577382875216
-2.71089384203818
-2.66873307049734
-2.63220211898826
-2.60174635074634
-2.57736384240868
-2.55868342149725
-2.54505252367253
-2.53622717829113
-2.53149871214645
-2.53006902386552
-2.53029945761492
-2.53083059756185
-2.53085773270248
-2.52951266454371
-2.52604075534224
-2.52033083820118
-2.51175131332432
-2.50018533013317
-2.4858643537462
-2.46933864132228
-2.451024961323
-2.43142731894568
-2.41120347473662
-2.3913795226327
-2.37247236161423
-2.35498244786777
-2.33918615380127
-2.32529329521136
-2.313043811824
-2.30185413199937
-2.29149601876419
-2.28207007458522
-2.27344915713469
-2.26509057019412
-2.2563727786796
-2.24698882369817
-2.23655989078694
-2.22503704307209
-2.21269716692537
-2.19985684479392
-2.1867509136614
-2.17363471219743
-2.16073867282478
-2.14827116286409
-2.13635706666313
-2.12539453896095
-2.11573457997098
-2.10764630159619
-2.10108490849788
-2.0960477755115
-2.09261314762192
-2.09048969106328
-2.08921946365486
-2.08861698513948
-2.08840549935588
-2.08850928282591
-2.08875754534818
-2.08910544354764
-2.0892266687444
-2.08848861389707
-2.0867764087339
-2.08439919557634
-2.08170010329955
-2.07883631859094
-2.07571091621185
-2.07245556788749
-2.06927483459571
-2.06619714021277
-2.06321488905383
-2.0601105572609
-2.05692828477488
-2.05393472986893
-2.05114727122166
-2.04818293797598
-2.04504426254349
-2.04207243235799
-2.03888456695821
-2.03514931105073
-2.03097182241462
-2.02628925626482
-2.02122502512078
-2.01570670158439
-2.00902320071412
-2.00084585106244
-1.99077747495307
-1.97844165257445
-1.96306051724298
-1.94388338322933
-1.92071640440327
-1.89356082330116
-1.8620260336536
-1.82576128372244
-1.78484515153244
-1.73952519329265
-1.69012829742433
-1.63704296378439
-1.58105789990279
-1.52315365287467
-1.46382125645786
-1.40316561633513
-1.34217691230754
-1.28141329836133
-1.2214411115248
-1.16319063430907
-1.1073179793673
-1.05468019070515
-1.00576351391757
-0.961012950982333
-0.920799848098884
-0.88513737068671
-0.853847864771679
-0.826963953957229
-0.803962646411588
-0.784003653186064
-0.766578936856692
-0.751134097126239
-0.736843645143475
-0.723008746775229
-0.709427108365946
-0.696022241981919
-0.682836464425984
-0.669820103700442
-0.657502153622746
-0.646370129180328
-0.636797760708955
-0.628929496120139
-0.622650022403838
-0.617893822091596
-0.614507894508976
-0.612253592952985
-0.610708135837971
-0.609324486585092
-0.607585129812538
-0.60526398099031
-0.602249435967034
-0.598525885628677
-0.594048088139853
-0.588917522883292
-0.583313121419055
-0.577585595544302
-0.571847843706515
-0.566345969893726
-0.560806718217057
-0.555524077938763
-0.550644895296211
-0.546005760447744
-0.541387512858021
-0.536913749234686
-0.532667585057534
-0.528387574261123
-0.523731851956138
-0.519036850331931
-0.514701944137665
-0.510943228125188
-0.507590615658076
-0.504546539114685
-0.501823440723683
-0.499591372480947
-0.497867660837503
-0.496618829657707
-0.495794911114029
-0.49553483649914
-0.495640219351602
-0.496089648653288
-0.496390185937172
-0.496484285399803
-0.496625024947338
-0.496939497139915
-0.49722447476069
-0.497420463776326
-0.497646944584258
-0.497831440362686
-0.497431162319888
-0.4963861212672
-0.494995692445685
-0.493220030558505
-0.490771310975324
-0.487660947003108
-0.484149000267539
-0.480258380385162
-0.476045131715132
-0.471636679063575
-0.467166348397338
-0.462508740529077
-0.457559791010296
-0.452061222408012
-0.445407241292512
-0.437206195311583
-0.426696158679863
-0.413728719650757
-0.397723733546997
-0.378076609431879
-0.354495532735073
-0.327232964108277
-0.296573109060407
-0.26280148145364
-0.226675049880062
-0.188891394755255
-0.149940643060516
-0.110534527857441
-0.0713197701385833
-0.0331047773961404
0.00369461540880753
0.0389045122218545
0.0726627168223011
0.105131160349546
0.136771865769478
0.167650136690972
0.198346787821228
0.229053577164692
0.260612716460779
0.292808015621506
0.325893797408213
0.360071979775483
0.396101943476651
0.434022741746165
0.473385388268015
0.513694286334925
0.554237512474084
0.594419543879879
0.633704346550001
0.671303898936788
0.706533914793853
0.738838702763997
0.76764021349625
0.792539735022391
0.813203699372618
0.829273371585746
0.841363715324483
0.850253885244946
0.856734973073855
0.861323404410477
0.864733851007379
0.867643787611833
0.870889187941344
0.874854193841718
0.880004441579745
0.886546291094965
0.894506947460852
0.904181831335505
0.915438789187569
0.928054736987447
0.941448870360901
0.955475095021881
0.969937782359632
0.98470298270336
0.999361084512556
1.01359086705704
1.02729026525766
1.04031311059827
1.05257568553599
1.06404233972342
1.07458417544323
1.08449622317304
1.09396903947113
1.10278084507964
1.11062637987715
1.11778457183119
1.12455339753317
1.13059698303046
1.13504387821886
1.13769763562247
1.13875360291246
1.13870126354326
1.13726979477999
1.13399395256528
1.12889681695167
1.12217968089111
1.11450462951431
1.10633658101438
1.09778227456157
1.08911250880433
1.08084979918993
1.07346426444367
1.06680083101493
1.06046397379599
1.05474666509512
1.04990887408609
1.04570538429237
1.0418841041253
