302544.48232903343	4123862.5645860746
302544.6755815979	4123862.909068495
302544.88189568406	4123863.2771104896
302545.0324617854	4123863.5461534564
302545.20620598766	4123863.8568223994
302545.39261498477	4123864.189952286
302545.57491936587	4123864.515269667
302545.7952944263	4123864.908702284
302545.98872246785	4123865.2540391996
302546.161467217	4123865.562266738
302546.32099022815	4123865.8470567768
302546.55058159714	4123866.256358535
302546.760397576	4123866.6307481835
302546.9247728829	4123866.9238390047
302547.1621233454	4123867.3471788475
302547.3456484324	4123867.6744493577
302547.60383477097	4123868.134410292
302547.81889977376	4123868.517833144
302547.98457970656	4123868.813487439
302548.21481957426	4123869.224498183
302548.39659752895	4123869.549571428
302548.66168846993	4123870.0241808007
302548.88753380766	4123870.4287218153
302549.05432000174	4123870.728038222
302549.2714220528	4123871.116954238
302549.4433809759	4123871.4251817763
302549.6736437314	4123871.838511854
302549.8509432321	4123872.156138809
302550.0831514836	4123872.5728868544
302550.2671267023	4123872.903575329
302550.50221886515	4123873.325084119
302550.6821886532	4123873.647960099
302550.93457665504	4123874.1012071674
302551.09072747175	4123874.381480605
302551.2840181824	4123874.728648575
302551.6039110662	4123875.303355604
302551.7656923761	4123875.593760878
302551.9278322695	4123875.8853868567
302552.21224083874	4123876.3966173218
302552.38747277274	4123876.7120470093
302552.5669085027	4123877.0346788485
302552.8016878599	4123877.456553849
302553.17374291294	4123878.1250108774
302553.5003344052	4123878.7119249417
302553.7666079042	4123879.1895860746
302553.97820153285	4123879.568492322
302554.1859346861	4123879.9404405644
302554.40788140194	4123880.337779433
302554.7866655827	4123881.0160020897
302555.09228386753	4123881.5633653705
302555.2592379092	4123881.8623155677
302555.58083214756	4123882.43799916
302555.76613488153	4123882.769786266
302556.0228182322	4123883.2296251357
302556.27927269967	4123883.689097792
302556.5476747984	4123884.1706651757
302556.785490655	4123884.5977891986
302557.04740777035	4123885.068492325
302557.30197777605	4123885.5256456453
302557.5668245794	4123886.001475721
302557.8104387765	4123886.438975722
302558.08569970017	4123886.934459122
302558.34388604126	4123887.3995470093
302558.60463585716	4123887.8685411536
302558.84033837344	4123888.2927354877
302559.1140352731	4123888.7852892
302559.36607994983	4123889.2390245497
302559.6270357607	4123889.7088731835
302559.8892427913	4123890.1814073627
302560.16073479614	4123890.669932753
302560.4063021187	4123891.112193493
302560.66713585885	4123891.582408339
302560.906164789	4123892.013316543
302561.1800676818	4123892.5073350975
302561.4233690731	4123892.9454454505
302561.6992556088	4123893.4425157635
302561.9340654855	4123893.865611465
302562.20416894025	4123894.3514513066
302562.4406343929	4123894.7766222074
302562.7300707345	4123895.2968858792
302563.0702654356	4123895.907969864
302563.24260582833	4123896.217173962
302563.49542107614	4123896.6700548236
302563.7585970401	4123897.1412462317
302563.9908892146	4123897.5571397846
302564.27535882	4123898.067393692
302564.526335382	4123898.518321423
302564.7796541682	4123898.9721788475
302565.03739037504	4123899.4344591205
302565.2893816458	4123899.886485488
302565.5507723328	4123900.3558458393
302565.8114992607	4123900.825206189
302566.07128777495	4123901.2921251394
302566.3221422677	4123901.743663221
302566.5936037543	4123902.232066546
302566.8559404851	4123902.703746228
302567.11257042835	4123903.16504994
302567.39472069615	4123903.674815566
302567.6200472352	4123904.0948595107
302567.90688958025	4123904.6262315814
302568.1618257989	4123905.0925401757
302568.4416948802	4123905.6021837317
302568.69206108997	4123906.057872206
302568.96015801374	4123906.5460313866
302569.21797051484	4123907.0158800213
302569.47524895635	4123907.4841417368
302569.73539605126	4123907.957774551
302569.9893862243	4123908.4201768944
302570.2287279597	4123908.8560899794
302570.5061861504	4123909.3612169335
302570.76592125755	4123909.833018691
302571.03674950637	4123910.32532826
302571.30203118257	4123910.8075059974
302571.55962243	4123911.2782091214
302571.81898369745	4123911.777110489
302572.06811394636	4123912.286998183
302572.30053582124	4123912.782969862
302572.52644219436	4123913.258311661
302572.7764803397	4123913.7622179077
302573.02136101574	4123914.246104628
302573.27642693475	4123914.7484239647
302573.5336214536	4123915.255626114
302573.7747637258	4123915.731456189
302574.0105730518	4123916.196788224
302574.2706133359	4123916.709727677
302574.5122515196	4123917.1859239643
302574.7479006279	4123917.6511339266
302575.0120455271	4123918.1724962303
302575.2713686452	4123918.684825331
302575.5178896431	4123919.171641738
302575.7601229191	4123919.650279436
302576.03970208135	4123920.2026475966
302576.2869860177	4123920.696055803
302576.5396486753	4123921.2225450603
302576.7670504092	4123921.6998399775
302577.02796044276	4123922.2342638066
302577.2782885067	4123922.7413438847
302577.531180048	4123923.2523302147
302577.7631365288	4123923.7209581435
302578.0388018122	4123924.2774766996
302578.2773729786	4123924.75916615
302578.5265871533	4123925.262095842
302578.7763658989	4123925.766246229
302579.0386339666	4123926.295176896
302579.25941338466	4123926.7404893916
302579.53894677135	4123927.3044542368
302579.79650750203	4123927.823741345
302580.04278435605	4123928.3282579486
302580.3070284368	4123928.899180802
302580.53585686535	4123929.4268907607
302580.75784172997	4123929.935313613
302581.02583947056	4123930.5247911504
302581.2569567208	4123931.0250352933
302581.52104058315	4123931.594371229
302581.75717034354	4123932.1211046297
302581.9859301093	4123932.661265761
302582.19395317906	4123933.158580215
302582.4526506886	4123933.7568468153
302582.68998589535	4123934.2959093167
302582.9233080384	4123934.823741349
302583.15402855864	4123935.3455919316
302583.3825212942	4123935.8626817763
302583.6207872856	4123936.402232558
302583.8613039489	4123936.9471544344
302584.0849672792	4123937.453990372
302584.343413018	4123938.0398058016
302584.57046380074	4123938.554088025
302584.8123232365	4123939.102427872
302585.03218712856	4123939.6154893935
302585.27774681937	4123940.2342638075
302585.4816271309	4123940.795054824
302585.6784807688	4123941.338511856
302585.8876253604	4123941.8885606867
302586.1003939144	4123942.4294542368
302586.3027636038	4123942.939341934
302586.53955712216	4123943.5379747464
302586.7401949395	4123944.0744737703
302586.9373537536	4123944.6378282593
302587.12101616734	4123945.178965955
302587.3288179876	4123945.766856583
302587.52809014294	4123946.3115343163
302587.733725214	4123946.869639785
302587.92991509405	4123947.403697401
302588.1493669975	4123948.0018419353
302588.3531176076	4123948.557383925
302588.5507036674	4123949.095958143
302588.75999321893	4123949.6661485736
302588.96885552345	4123950.2357286518
302589.1638628478	4123950.76685658
302589.375410699	4123951.342906386
302589.5753008356	4123951.887339983
302589.7797075735	4123952.443980604
302589.9902941226	4123953.017466931
302590.1966234688	4123953.5838731825
302590.39141716866	4123954.149302871
302590.5751940255	4123954.7230333397
302590.7525164117	4123955.292125137
302590.93694939546	4123955.857798966
302591.14182915597	4123956.4696153705
302591.34158196393	4123957.0608018944
302591.5146929261	4123957.5965684946
302591.6841112609	4123958.170176893
302591.8296953683	4123958.7170518935
302591.98234429257	4123959.3009142
302592.15508904424	4123959.920665175
302592.31033196405	4123960.45740834
302592.4619585507	4123961.0195421297
302592.6005236141	4123961.593394667
302592.7252489572	4123962.1720079468
302592.85148491716	4123962.776255997
302592.97247185605	4123963.318858535
302593.1092974172	4123963.891978653
302593.25303521106	4123964.4784044325
302593.3958269593	4123965.0583604877
302593.5296923154	4123965.6029161518
302593.6614824772	4123966.1397813866
302593.80195488845	4123966.7119249403
302593.93995537644	4123967.2733263043
302594.0797106259	4123967.8420518925
302594.2177568908	4123968.4118761113
302594.3302904607	4123968.9223741614
302594.44203057245	4123969.5058702556
302594.5296312812	4123970.0358995507
302594.6274096009	4123970.647349745
302594.7220903872	4123971.2099718153
302594.80511345854	4123971.7370714257
302594.8856188295	4123972.329478653
302594.95577874157	4123972.909556778
302595.02734246256	4123973.4714464247
302595.11797966965	4123974.097545059
302595.1915575502	4123974.582286269
302595.2823473448	4123975.174205212
302595.34799065616	4123975.602427871
302595.43772759486	4123976.1876329496
302595.5252672668	4123976.7585558
302595.6411425121	4123977.5138048264
302595.7274157031	4123978.074351697
302595.80744805397	4123978.5949815796
302595.86285271664	4123978.9560655644
302595.95254387835	4123979.5398058007
302596.05892815464	4123980.2365831453
302596.1100450992	4123980.6096300185
302596.1948992258	4123981.3564561913
302596.22689690645	4123981.723765762
302596.27204766264	4123982.5014757235
302596.2902513966	4123983.06837025
302596.3087145329	4123983.6413682997
302596.3362719063	4123984.213267715
302596.37296929327	4123984.769297987
302596.4002062323	4123985.14551869
302596.451552056	4123985.912242323
302596.47311272676	4123986.4510606816
302596.4907366267	4123987.029063613
302596.5150438787	4123987.588145646
302596.5437304018	4123988.1389268944
302596.5725542547	4123988.6731065838
302596.59359612514	4123989.0610460355
302596.6330858704	4123989.790904433
302596.6543108467	4123990.18323842
302596.6943956849	4123990.924327285
302596.71581902565	4123991.3192247455
302596.7459093578	4123991.876597793
302596.7873217092	4123992.6441759192
302596.81750359596	4123993.203624161
302596.8420244688	4123993.7403673227
302596.85157647193	4123994.119883928
302596.85963311145	4123994.8327745474
302596.8679186338	4123995.214244277
302596.8921343315	4123995.963145647
302596.91158928804	4123996.505992323
302596.93113579723	4123997.0489610736
302596.95031609567	4123997.5837511136
302596.96331658255	4123997.947642712
302596.9878221991	4123998.632335097
302597.00137200387	4123999.0091661513
302597.0267321101	4123999.7148546292
302597.039793633	4124000.077159318
302597.05889763776	4124000.6082872455
302597.0781847473	4124001.1463731835
302597.096708918	4124001.662730603
302597.11529412266	4124002.1792100985
302597.1346575257	4124002.720225721
302597.15420403366	4124003.2662462317
302597.17954888346	4124003.974131972
302597.19271721714	4124004.342540176
302597.216826104	4124005.014659317
302597.22968926386	4124005.3734239647
302597.24861016124	4124005.901011854
302597.2745806208	4124006.6198839247
302597.28658928897	4124006.9524034597
302597.30593743344	4124007.489879043
302597.3301073546	4124008.159312639
302597.343107842	4124008.5205186885
302597.36677422584	4124009.1715196697
302597.3793474672	4124009.5172227933
302597.39745965006	4124010.0164903724
302597.4212023247	4124010.670909318
302597.4328447812	4124010.98463002
302597.46325554786	4124011.6167100975
302597.4855333808	4124011.9481309983
302597.5262438302	4124012.5363878296
302597.5513597969	4124012.976573381
302597.5896593558	4124013.718150529
302597.6136156563	4124014.179576309
302597.643171929	4124014.632090955
302597.69297661725	4124015.2175401743
302597.7497240538	4124015.9614366605
302597.7816912179	4124016.4036974
302597.82357659366	4124016.8774522836
302597.882750176	4124017.4801134174
302597.9109636785	4124017.802989392
302597.95820488886	4124018.3979601017
302597.9835344779	4124018.727305801
302598.01815667126	4124019.178599745
302598.05395379127	4124019.643077287
302598.0927111134	4124020.10914174
302598.13960137306	4124020.578502088
302598.19959893095	4124021.061656388
302598.2774340145	4124021.551890762
302598.3694750298	4124022.01270619
302598.47921624174	4124022.463511854
302598.6155992976	4124022.9326280686
302598.8298784732	4124023.5493272855
302598.94224419503	4124023.8488878296
302599.1617876537	4124024.42982045
302599.3214708803	4124024.8658556035
302599.4684130177	4124025.3061632225
302599.5955034731	4124025.74305287
302599.7062670223	4124026.1816515042
302599.8054796688	4124026.630381973
302599.8939196107	4124027.0893663457
302599.9686724188	4124027.5474962313
302600.0323778621	4124028.0265001357
302600.08808770054	4124028.498423963
302600.1477800848	4124028.9896349036
302600.2131334781	4124029.4626573627
302600.2880846489	4124029.9296983792
302600.3419786934	4124030.2404893944
302600.4506670474	4124030.877696426
302600.49452080764	4124031.175059709
302600.5595232494	4124031.657969862
302600.6263567436	4124032.1247667377
302600.7194963926	4124032.7192491605
302600.84059014294	4124033.4727891986
302600.9117723944	4124033.9160265047
302600.9840532769	4124034.371592907
302601.05314507335	4124034.8579210346
302601.1253191476	4124035.4719347083
302601.16181817	4124035.797130022
302601.20994439	4124036.2638048236
302601.2494341363	4124036.744761855
302601.2779528137	4124037.240001114
302601.30140557326	4124037.7400011127
302601.3406664372	4124038.3917345125
302601.3802324769	4124038.874888806
302601.4211412914	4124039.346568497
302601.44491448463	4124039.6722520883
302601.47866692505	4124040.347667128
302601.48705925886	4124040.68860951
302601.4970690241	4124041.3405870483
302601.50489678234	4124041.6770128314
302601.52537407744	4124042.1888536513
302601.54981865734	4124042.6870225985
302601.56684746593	4124043.2147325575
302601.56680169154	4124043.8512071697
302601.55834832246	4124044.2021593186
302601.5430895316	4124044.7213243563
302601.5350634088	4124045.2489122446
302601.53677239385	4124045.7829698604
302601.5416552054	4124046.269542128
302601.5472551825	4124046.7729600957
302601.55264153494	4124047.267100725
302601.55425896554	4124047.794566539
302601.5443254943	4124048.264171036
302601.5207354061	4124048.7627061913
302601.49325432815	4124049.2504991596
302601.47285332595	4124049.709239395
302601.4489122862	4124050.2229112685
302601.4171587458	4124050.686778455
302601.36996331124	4124051.1834825594
302601.3165270319	4124051.6685899775
302601.2648760318	4124052.160899553
302601.22216668027	4124052.6536974013
302601.18691887805	4124053.145274552
302601.15338005894	4124053.6366075585
302601.11733879906	4124054.1318468186
302601.0702501781	4124054.6192735764
302601.0113970268	4124055.0966905686
302600.9395128731	4124055.579600721
302600.8486467825	4124056.0868028714
302600.7431322577	4124056.5903429124
302600.6262804493	4124057.0708116586
302600.4860521795	4124057.5907091214
302600.3383318422	4124058.1130479886
302600.2060228828	4124058.59083119
302600.06870903866	4124059.1198839257
302599.95287957235	4124059.5902208383
302599.8144213193	4124060.1186632277
302599.6809069142	4124060.5808214257
302599.51855339855	4124061.104869276
302599.3580919728	4124061.627818497
302599.21932854503	4124062.1109727896
302599.0821062572	4124062.61048451
302598.94531121105	4124063.114879043
302598.8077379707	4124063.622813615
302598.67243828706	4124064.122813611
302598.54688897124	4124064.586192522
302598.4204699028	4124065.0640977942
302598.29312004964	4124065.586924939
302598.18786492286	4124066.0704454468
302598.0866991521	4124066.5960802166
302598.0044542791	4124067.0992540424
302597.9307085503	4124067.6400255268
302597.87234368396	4124068.1419786518
302597.8262316218	4124068.668467909
302597.7996355536	4124069.2074083383
302597.78329338937	4124069.748423965
302597.76653924026	4124070.270640757
302597.74673333165	4124070.825572402
302597.7393785954	4124071.349498183
302597.7447649474	4124071.8505968153
302597.7522264957	4124072.345958143
302597.75436272525	4124072.8554796306
302597.74607720244	4124073.3957628324
302597.72677483514	4124073.8784288475
302597.691389703	4124074.384654431
302597.64117302885	4124074.9149278705
302597.59658684616	4124075.3951524803
302597.55941643694	4124075.884410294
302597.5279375554	4124076.3754991586
302597.49749627133	4124076.8745225994
302597.46996941604	4124077.3260606844
302597.439604426	4124077.8209337285
302597.4117876527	4124078.2909044307
302597.39022698277	4124078.7845567754
302597.38175835635	4124079.2370714233
302597.3828417299	4124079.6912950603
302597.38212456706	4124080.158091933
302597.3728929986	4124080.621592911
302597.3590227602	4124081.0841173246
302597.3444048394	4124081.542369277
302597.3293901924	4124082.007701307
302597.3129106994	4124082.519053849
302597.2982470038	4124082.9786485755
302597.28227105143	4124083.4786485764
302597.26794304734	4124083.927379043
302597.25303521124	4124084.395396618
302597.2369677058	4124084.8993028714
302597.2212053765	4124085.395518691
302597.2056414132	4124085.8858751357
302597.1892992492	4124086.3988145916
302597.17379632	4124086.886485488
302597.15701165056	4124087.4144395906
302597.14095940517	4124087.919810684
302597.1235491269	4124088.4672960346
302597.1074205864	4124088.9751085364
302597.0914751537	4124089.4775499413
302597.0749956606	4124089.994395645
302597.05811943964	4124090.524180802
302597.0408159724	4124091.067881971
302597.0264727112	4124091.578746231
302597.02145256987	4124092.1228136104
302597.0253435605	4124092.6357530677
302597.0256945138	4124093.19239369
302597.01943840866	4124093.7334093177
302597.0113970281	4124094.264781384
302597.0033709039	4124094.7767442777
302596.9951921945	4124095.306895643
302596.9875322819	4124095.8115343163
302596.97950615827	4124096.3421739656
302596.97151055234	4124096.863536269
302596.96359124174	4124097.379039199
302596.9559465871	4124097.8844102924
302596.95059075224	4124098.3988145906
302596.9518267162	4124098.91077748
302596.9553057185	4124099.484019668
302596.9541918279	4124100.0158800203
302596.95097222214	4124100.5548204514
302596.9472643365	4124101.08582631
302596.9433886053	4124101.624644668
302596.9397417535	4124102.1433214275
302596.9360033504	4124102.686900528
302596.93228020705	4124103.2301134174
302596.9297472466	4124103.736583144
302596.9360186097	4124104.3253282616
302596.9535204398	4124104.8586534546
302596.9700457084	4124105.4063829468
302596.97862114897	4124105.9303087285
302596.9847399234	4124106.454478651
302596.99062981515	4124106.9904893953
302596.999968195	4124107.5366319725
302597.0089251039	4124108.0562852942
302597.0169664854	4124108.607432755
302597.02445855096	4124109.156627086
302597.0311113838	4124109.6446641968
302597.0365740294	4124110.2220567763
302597.03047051467	4124110.7314561903
302597.0081926817	4124111.27344838
302596.97205987	4124111.8181261127
302596.93867363967	4124112.3210558016
302596.91245903866	4124112.839366348
302596.8954454897	4124113.3126329477
302596.8742815495	4124113.870005995
302596.8426958549	4124114.37928334
302596.80093254935	4124114.881968886
302596.76159539237	4124115.381114395
302596.7311235893	4124115.8615831453
302596.70233025413	4124116.374644669
302596.6712328419	4124116.872691543
302596.62977471424	4124117.3545030653
302596.5840746395	4124117.8353380268
302596.54414238926	4124118.3198350966
302596.5125109191	4124118.749278458
302596.47032036737	4124119.2605089266
302596.4189287665	4124119.733897599
302596.3626543519	4124120.1423448636
302596.27505364304	4124120.6525987727
302596.1837297904	4124121.0835069725
302596.0667101382	4124121.544322404
302595.9426256643	4124121.9558214257
302595.78483452776	4124122.4034532625
302595.6233965384	4124122.7963975966
302595.42108025576	4124123.2236436917
302595.223097468	4124123.5871690824
302594.980192803	4124123.978404434
302594.7428270811	4124124.31312123
302594.4180742741	4124124.7119249403
302593.8021074767	4124125.327769666
302593.25878777495	4124125.76710072
302592.88464226667	4124126.0218614666
302592.52761712094	4124126.2331651743
302592.16139092366	4124126.4200548246
302591.8033892147	4124126.5763048246
302591.41258110886	4124126.7203477933
302591.0060717097	4124126.8518175213
302590.6490923407	4124126.955577284
302590.2528978825	4124127.0614122427
302589.8792101379	4124127.1536974036
302589.5463396546	4124127.2288927166
302589.18121209124	4124127.2934679077
302588.845488214	4124127.337047011
302588.4703051095	4124127.3776964275
302588.1119371889	4124127.414195449
302587.7645708567	4124127.448130994
302587.4335161684	4124127.4724229877
302587.0313173765	4124127.4854845116
302586.6845766547	4124127.4802354877
302586.29790367966	4124127.455333148
302585.93142571335	4124127.42237416
302585.5626513003	4124127.3868517005
302585.208838129	4124127.353770646
302584.8385759827	4124127.3219102924
302584.487120295	4124127.296275528
302584.1090837947	4124127.2783311917
302583.7745043271	4124127.273082169
302583.3630434503	4124127.279918106
302582.9952074513	4124127.2965196664
302582.5758882994	4124127.3239854863
302582.1720797054	4124127.350230604
302581.764303827	4124127.3700059927
302581.3518358696	4124127.385264784
302580.9531465999	4124127.398814589
302580.5392595761	4124127.412364396
302580.1182695853	4124127.4265245493
302579.72191491077	4124127.439952284
302579.32819237665	4124127.453257952
302578.92407860677	4124127.4669298246
302578.5421205993	4124127.479991347
302578.1403261657	4124127.493663221
302577.76332726347	4124127.506480606
302577.34536614397	4124127.5206407593
302576.9301058278	4124127.5349229886
302576.547041559	4124127.547862441
302576.1101213924	4124127.562632948
302575.7076021657	4124127.576304823
302575.26383080496	4124127.5914415414
302574.8239962091	4124127.6062120516
302574.3730074413	4124127.621592914
302573.91210045706	4124127.6372179086
302573.43603386777	4124127.6534532625
302572.9620501041	4124127.6693224013
302572.4649950494	4124127.686046034
302571.98676171264	4124127.7022813843
302571.46458306356	4124127.719737441
302570.9639879692	4124127.7367052133
302570.456518793	4124127.7539171255
302569.93634667306	4124127.7714952515
302569.4122072685	4124127.7890733806
302568.9132753846	4124127.8059190805
302568.40106072463	4124127.8232530663
302567.9349352354	4124127.8391222064
302567.4302050101	4124127.85633412
302566.89057793695	4124127.8745226003
302566.40429558605	4124127.8910020916
302565.87870659685	4124127.9090684936
302565.3480593202	4124127.927134905
302564.84707512765	4124127.9434923246
302564.3219973094	4124127.9519151747
302563.797117853	4124127.9517931077
302563.2571169373	4124127.9532579463
302562.7429262628	4124127.960582169
302562.2044970023	4124127.9705919307
302561.6870943538	4124127.980723772
302561.1729647162	4124127.990733538
302560.6236788258	4124128.001597793
302560.113165522	4124128.011363419
302559.59316124895	4124128.0216173255
302559.0688005931	4124128.0316270897
302558.56947960786	4124128.041270643
302558.08811059	4124128.0506700585
302557.55981316464	4124128.061046036
302557.0328051094	4124128.071299943
302556.5442797191	4124128.080943496
302556.01927819115	4124128.091197403
302555.50959648954	4124128.1010850966
302554.9931704047	4124128.1112169325
302554.5162569514	4124128.119517713
302553.9909655099	4124128.1207384155
302553.4969469547	4124128.1237901766
302552.99240746547	4124128.1298936885
302552.52221550816	4124128.1364854877
302552.0195757379	4124128.143077284
302551.53589501383	4124128.149302868
302551.05606713344	4124128.1497911513
302550.5744005673	4124128.1388048246
302550.0977388845	4124128.126719863
302549.6295000557	4124128.1206163457
302549.1573397148	4124128.1179308016
302548.7278429512	4124128.115977676
302548.2383791442	4124128.113658341
302547.78174462385	4124128.1091417377
302547.3404528131	4124128.1064561936
302546.8731981745	4124128.1040147836
302546.4203859804	4124128.101207169
302545.9860826976	4124128.0924181063
302545.55982842506	4124128.074839981
302545.13954033714	4124128.045176894
302544.7339693539	4124128.0112413475
302544.36662163626	4124127.98133412
302544.0066286565	4124127.95826283
302543.2498232353	4124127.9207872464
302542.9126192571	4124127.9018663475
302542.59134545276	4124127.877086072
302542.2423693186	4124127.843516738
302541.92549767485	4124127.81348744
302541.61065545	4124127.7884630254
302541.11464562267	4124127.7462266996
302540.7347780707	4124127.7002061927
302540.18958153727	4124127.6208604868
302539.6552645206	4124127.5592149785
302539.1127077567	4124127.501353653
302538.60099663725	4124127.419322406
302538.1083590017	4124127.3092149785
302537.623121881	4124127.188365372
302537.1400743959	4124127.0891222055
302536.6438509454	4124126.980967911
302536.134405756	4124126.8620714266
302535.6154467097	4124126.758067521
302535.082495356	4124126.6417345107
302534.53874840634	4124126.5257677133
302533.9933001045	4124126.3857530677
302533.4208971496	4124126.202647596
302533.12956872	4124126.0910753324
302532.8524614818	4124125.969981582
302532.5798174371	4124125.8350938857
302532.1401125435	4124125.5813097074
302531.8079592228	4124125.3564561894
302531.5655352117	4124125.170054825
302531.12779107137	4124124.7751573627
302530.7346636284	4124124.3476671292
302530.43227257626	4124124.0000108792
302530.2004152775	4124123.725352675
302529.8767458433	4124123.2828477924
302529.60047020786	4124122.8155626343
302529.3364473808	4124122.3112901766
302529.1167589664	4124121.791270646
302528.9442965026	4124121.257213023
302528.78409447544	4124120.72230092
302528.63799920137	4124120.2097276775
302528.535887384	4124119.7002061903
302528.48721947626	4124119.180674941
302528.49592461536	4124118.6644395897
302528.5613161564	4124118.1749376366
302528.68331780296	4124117.7026475985
302528.8394915103	4124117.257945449
302529.0018602839	4124116.8291124417
302529.16165032354	4124116.413340956
302529.3177858818	4124116.0020860727
302529.4765917292	4124115.576060681
302529.63073601655	4124115.1361192763
302529.77389397577	4124114.675914199
302529.90651574126	4124114.1821397846
302530.01325097133	4124113.687266739
302530.1000887379	4124113.1494249436
302530.1668001655	4124112.5687364647
302530.20444359846	4124112.2578233806
302530.27773156186	4124111.7680772846
302530.34092583664	4124111.366221815
302530.38494744315	4124111.061534313
302530.48730339954	4124110.409434704
302530.5380693914	4124110.099742324
302530.5883776179	4124109.793712051
302530.6945253856	4124109.1480821683
302530.7439104542	4124108.8402208365
302530.7898699279	4124108.5189317805
302530.8267961979	4124108.2148546297
302530.860205315	4124107.8648790396
302530.88190331415	4124107.546275525
302530.92146935326	4124106.8515733783
302530.9508425228	4124106.487071427
302530.98593773774	4124106.1490587285
302531.02467217343	4124105.8044542377
302531.06115593924	4124105.4390977947
302531.1108995919	4124104.7336534546
302531.1727587213	4124104.006602676
302531.2087465766	4124103.6394151766
302531.2691103463	4124102.9400743553
302531.3155352108	4124102.204844859
302531.34487023385	4124101.835704238
302531.37251152843	4124101.4602159564
302531.3927675722	4124101.0948595107
302531.40473809233	4124100.7053331486
302531.40752282017	4124100.317881973
302531.4089342586	4124099.9205431044
302531.4157701966	4124099.5363878333
302531.43070855073	4124099.1285509174
302531.4426027762	4124098.7356065805
302531.4457308284	4124098.3411974004
302531.44428887335	4124097.924693496
302531.44927849795	4124097.5041612685
302531.467184686	4124096.849620255
302531.4786898132	4124096.4696153738
302531.49087395635	4124096.0592149813
302531.4984346865	4124095.657481582
302531.49730553664	4124095.2806505263
302531.48936333566	4124094.895518691
302531.48454155924	4124094.51551381
302531.4858004081	4124094.13831654
302531.4866396412	4124093.763682752
302531.4800096995	4124093.375255019
302531.46677269874	4124093.0098985755
302531.4540697569	4124092.6219591238
302531.4484392644	4124092.2620958416
302531.44586815895	4124091.856944475
302531.44419731974	4124091.470469862
302531.4423815245	4124091.083873186
302531.4404818058	4124090.70765248
302531.4383303161	4124090.3078722074
302531.43629326764	4124089.9293321706
302531.43418755586	4124089.5286974004
302531.43221154145	4124089.1538194716
302531.42951073614	4124088.6460069725
302531.4274584296	4124088.257090956
302531.4239717958	4124087.606212051
302531.42182030715	4124087.2115587317
302531.4189516547	4124086.6807970116
302531.41513695754	4124085.9985460313
302531.41207756865	4124085.4703477924
302531.4082094674	4124084.794322404
302531.40572991257	4124084.3640245516
302531.40320458467	4124083.935923967
302531.4004427431	4124083.4709581463
302531.3976198678	4124082.9792589257
302531.39522423723	4124082.529063615
302531.39291252976	4124082.0202745497
302531.39083733596	4124081.5181993544
302531.38861718227	4124080.989512833
302531.3857027519	4124080.3156847083
302531.3842150208	4124079.939830211
302531.3819338316	4124079.392344864
302531.3801104061	4124078.8396104868
302531.3785463803	4124078.2799181044
302531.3767992498	4124077.684092912
302531.38281121186	4124077.11329213
302531.40443291643	4124076.515147594
302531.4308001033	4124075.767466933
302531.4390017024	4124075.3939317763
302531.4487215505	4124074.826915177
302531.4606844432	4124074.079844863
302531.4687868593	4124073.553843886
302531.4741121773	4124073.201915175
302531.48239006905	4124072.6589464247
302531.49167504185	4124072.0533556053
302531.50162377325	4124071.351695448
302531.5068727975	4124070.974864394
302531.51408257365	4124070.441783337
302531.52239098534	4124069.888804822
302531.5307451715	4124069.351451307
302531.5388552195	4124068.8003038443
302531.5492464538	4124068.086802872
302531.554304742	4124067.7425645883
302531.5626207825	4124067.203990372
302531.57169213245	4124066.6491808034
302531.5827318673	4124065.9576524817
302531.5888277517	4124065.584239395
302531.5969988351	4124065.0806993563
302531.60602440906	4124064.507701308
302531.614676141	4124063.965464978
302531.6239153377	4124063.4167589247
302531.6325289253	4124062.8931993544
302531.64066948806	4124062.3776964247
302531.6424242483	4124061.8297227914
302531.6323458185	4124061.311534316
302531.62182488455	4124060.7862657597
302531.6179415217	4124060.2517198627
302531.6178194515	4124059.569835097
302531.61825432815	4124059.2241319744
302531.6180407043	4124058.734996231
302531.6172777638	4124058.205943495
302531.61681237177	4124057.584483534
302531.6168200009	4124057.2360948613
302531.61678185343	4124056.710215957
302531.6162706842	4124056.184337048
302531.61578240385	4124055.7076524785
302531.61533989816	4124055.1812852933
302531.6150881278	4124054.667369277
302531.6147066592	4124054.158458146
302531.6139971243	4124053.6569932983
302531.6132723325	4124053.1388048218
302531.61262383347	4124052.6286729877
302531.6120668873	4124052.1348985736
302531.6112963187	4124051.6314806053
302531.6103807923	4124051.134532364
302531.6092974178	4124050.6316026724
302531.60848107317	4124050.111705218
302531.60774102283	4124049.6273302147
302531.6068026057	4124049.144908341
302531.6053072448	4124048.4261583406
302531.6042391286	4124048.0273546283
302531.6036364075	4124047.6911729886
302531.6024614813	4124047.1921495493
302531.6005617606	4124046.5505479896
302531.59899010544	4124046.0827745493
302531.5970140932	4124045.586436659
302531.59541955043	4124045.128550919
302531.59420647495	4124044.782481582
302531.59132256405	4124044.156627089
302531.58695092134	4124043.379527478
302531.5848375801	4124042.9041856825
302531.5834948067	4124042.4272569735
302531.5816484933	4124041.9510606835
302531.5780855657	4124041.2965196692
302531.57542290655	4124040.8237413466
302531.5731798643	4124040.3532823627
302531.5724092955	4124039.879527478
302531.5717760563	4124039.4406847083
302531.5707155709	4124039.0759386136
302531.5694262015	4124038.640513808
302531.568380976	4124038.169322402
302531.56780876976	4124037.7149766996
302531.56825890567	4124037.2829698636
302531.5691820618	4124036.8481554063
302531.5698153025	4124036.3781847055
302531.5696932307	4124035.9401964275
302531.56981530244	4124035.4961046274
302531.5701281078	4124035.0863145874
302531.5704714303	4124034.6566270906
302531.5714327339	4124034.1942247455
302531.57204308367	4124033.8018907616
302531.5715166566	4124033.3936876366
302531.5709139344	4124032.927012831
302531.57031121315	4124032.5101427166
302531.5692659859	4124032.0926622474
302531.5681902416	4124031.543956194
302531.56744255946	4124030.751719865
302531.566740655	4124030.092540176
302531.56638207415	4124029.680797012
302531.5656267628	4124029.2708849018
302531.56477990176	4124028.891124161
302531.56462731404	4124028.4024767014
302531.56421532703	4124028.0557970116
302531.56346764555	4124027.4589952542
302531.56310143415	4124027.1433214247
302531.5641237723	4124026.801524555
302531.5706240181	4124026.4926866614
302531.580450678	4124026.1790880263
302531.5911547175	4124025.58741322
302531.6034533013	4124025.0244249417
302531.6278521059	4124024.4421495483
302531.6379457944	4124023.870372207
302531.64609398786	4124023.3232530644
302531.65528740856	4124022.759532364
302531.6661974436	4124022.219249162
302531.6995836733	4124021.6971544325
302531.75295128766	4124021.1878770906
302531.79100670747	4124020.64869252
302531.82091393427	4124020.151011856
302531.87225212995	4124019.6565050194
302531.91637291823	4124019.1220811927
302531.9555803769	4124018.6076768935
302532.0186220635	4124018.1143907644
302532.0717379084	4124017.803599747
302532.1726366511	4124017.2677110736
302532.2575060361	4124016.7014268953
302532.33192315	4124016.151500135
302532.4421831606	4124015.573985488
302532.58698143816	4124014.9980577533
302532.7493654713	4124014.406382949
302532.8335253246	4124014.1082872497
302532.9239031312	4124013.8164171297
302533.0335833076	4124013.497447402
302533.1491228567	4124013.197154431
302533.29324211995	4124012.8601182993
302533.4320894724	4124012.5594591186
302533.5878283021	4124012.2290147846
302533.745489741	4124011.9002794344
302533.8953768241	4124011.606944473
302534.0836473935	4124011.2679552147
302534.2763582698	4124010.951671033
302534.49347558006	4124010.628428845
302534.7151400094	4124010.326426894
302534.9876162057	4124009.9881700585
302535.25159325526	4124009.6840929133
302535.51225152076	4124009.3995470135
302535.7697359549	4124009.1290391977
302536.0967012869	4124008.8119005268
302536.3931108949	4124008.550670059
302536.7213427063	4124008.2857774785
302537.05290856434	4124008.032603652
302537.3762728204	4124007.7933458374
302537.708975457	4124007.5490831463
302538.01897301734	4124007.3197130286
302538.3712755687	4124007.0587267014
302538.7064272403	4124006.8243516968
302539.04109063116	4124006.6079210336
302539.3597628112	4124006.414561661
302539.7481829155	4124006.1850694716
302540.11201348354	4124005.970347791
302540.49214043637	4124005.7443956425
302540.882513665	4124005.5197862685
302541.24735131144	4124005.320689591
302541.6970888601	4124005.0919298236
302542.1201464181	4124004.891124161
302542.53980126383	4124004.7064317786
302542.9813829894	4124004.5275987713
302543.4688402638	4124004.349254045
302543.9815126887	4124004.182139788
302544.46912255324	4124004.0384630263
302544.97016777855	4124003.9056505263
302545.46014275507	4124003.794444474
302545.98094048386	4124003.6949571655
302546.5236193186	4124003.6140245507
302547.0692278377	4124003.554942523
302547.62756218837	4124003.5184434955
302548.3285662163	4124003.498057754
302548.68853631034	4124003.492564587
302549.2228685857	4124003.48878041
302549.7617250909	4124003.485484513
302550.2988268372	4124003.4769395897
302550.86207451706	4124003.458018692
302551.2551943297	4124003.437877088
302551.92280449835	4124003.396861466
302552.3228899464	4124003.371348768
302553.00224175316	4124003.3276475994
302553.5167223455	4124003.2873643925
302554.02903618774	4124003.242686659
302554.56525292335	4124003.200694471
302555.07054772385	4124003.1618761146
302555.47141900123	4124003.131846818
302556.1539827825	4124003.089976698
302556.6504351141	4124003.0753282593
302557.19473900856	4124003.0672716214
302557.66209282906	4124003.055430802
302558.06175103225	4124003.0387071674
302558.7200380791	4124003.007090956
302559.0752245416	4124002.993541151
302559.67154564784	4124002.98487416
302560.0632845409	4124002.9880479877
302560.5755907521	4124002.989268694
302561.221815729	4124002.9784044363
302561.7002626882	4124002.967540177
302562.18239464797	4124002.959239395
302562.6321321955	4124002.961680801
302562.9573198783	4124002.9682725975
302563.6300722601	4124002.9752306044
302564.07273735944	4124002.9737657607
302564.41997399344	4124002.9715684936
302565.02505364374	4124002.97376576
302565.4615694508	4124002.9871934974
302565.8000780579	4124003.005504043
302566.2658983701	4124003.0328477914
302566.8668581492	4124003.0573839247
302567.3099733831	4124003.068248182
302567.7510057923	4124003.078135877
302568.18489708856	4124003.0879014996
302568.64150872163	4124003.09876576
302569.0626512995	4124003.1092638075
302569.7549883372	4124003.1259874403
302570.23272576346	4124003.1364854886
302570.89601769496	4124003.151622207
302571.2613512515	4124003.1608995525
302571.6741472725	4124003.171519667
302572.37336602184	4124003.18885365
302572.67771782866	4124003.1953233774
302573.00232567824	4124003.202037246
302573.6052004339	4124003.214122207
302574.0660006036	4124003.2199815856
302574.43666710926	4124003.223155409
302574.9896913995	4124003.232310681
302575.5260759819	4124003.2419542368
302576.06709160807	4124003.247813612
302576.59767022193	4124003.244639785
302577.13941063883	4124003.2506212285
302577.64493432024	4124003.257457168
302578.17980828276	4124003.263804825
302578.6729036814	4124003.254771622
302579.11471428745	4124003.22742787
302579.4244448183	4124003.2083849027
302579.9584108837	4124003.157359511
302580.4669176568	4124003.0817979863
302580.99989952904	4124003.0036729886
302581.5633837229	4124002.9441026775
302582.0440432066	4124002.8836778724
302582.42264428106	4124002.82056752
302583.0030275827	4124002.7177843153
302583.5114885804	4124002.615489395
302583.81345238566	4124002.5426134174
302584.1338869567	4124002.452037245
302584.52884545235	4124002.3192247474
302584.8297106266	4124002.198497207
302585.3223864082	4124001.9607042377
302585.6711718073	4124001.758922009
302586.1829668513	4124001.400889783
302586.6444994438	4124000.9952501375
302587.0112825859	4124000.6148790405
302587.27338280657	4124000.329234511
302587.6617113579	4123999.9005235746
302588.0183245173	4123999.4939073636
302588.36701836553	4123999.024058732
302588.62827935134	4123998.5999864643
302588.7757250297	4123998.3206895906
302588.945372248	4123997.939219865
302589.0524431693	4123997.6406358774
302589.20054497576	4123997.0338243525
302589.28358330636	4123996.4088243544
302589.3286272512	4123995.9116319693
302589.3736559389	4123995.215953261
302589.3715197091	4123994.6535753305
302589.35598626186	4123994.164073379
302589.34457268624	4123993.7951768967
302589.33460869757	4123993.34388295
302589.3330370423	4123992.9210313857
302589.3430773256	4123992.4394640042
302589.3677050119	4123991.9941515
302589.4004961479	4123991.626597794
302589.44746270194	4123991.1580919325
302589.4843889709	4123990.788951311
302589.53675713576	4123990.211314587
302589.57119622186	4123989.6241563857
302589.61323418637	4123989.010508929
302589.6349779595	4123988.673716935
302589.65458550514	4123988.132335096
302589.6614824761	4123987.702403461
302589.6856676586	4123987.0390733765
302589.7228228091	4123986.3327745507
302589.73422112514	4123986.028087049
302589.7353350159	4123985.300303846
302589.6990648737	4123984.6954454463
302589.64204278006	4123984.2169298264
302589.58404412156	4123983.868052868
302589.441221857	4123983.152598767
302589.3047472483	4123982.4238390033
302589.2387377268	4123982.0816759183
302589.15687432175	4123981.697642713
302589.02912774135	4123981.079356584
302588.94685234886	4123980.5971788443
302588.8995043273	4123980.242808732
302588.7984758847	4123979.5033067768
302588.7461992741	4123979.142466933
302588.7008806692	4123978.8339952547
302588.6052996161	4123978.187388807
302588.5368792042	4123977.7266954477
302588.48397698265	4123977.3653673227
302588.37621941534	4123976.6247667386
302588.3210436335	4123976.246348767
302588.26832451846	4123975.886119277
302588.21540703846	4123975.5227159564
302588.1217638488	4123974.877452287
302588.0459887013	4123974.3551134174
302587.9915148261	4123973.978770643
302587.9357897284	4123973.592662247
302587.87931694917	4123973.2043565805
302587.8195940491	4123972.793589981
302587.76341118745	4123972.404185685
302587.7075563895	4123972.0139268935
302587.610510493	4123971.3551134174
302587.541472101	4123970.952891736
302587.44593682303	4123970.4299425185
302587.38320031227	4123970.051524551
302587.2766481883	4123969.366832167
302587.19863762724	4123968.867320449
302587.08216729097	4123968.2091173227
302586.9902330877	4123967.6873888043
302586.92122521426	4123967.2743028696
302586.8586565483	4123966.9023546255
302586.7312609181	4123966.2385362685
302586.6421724792	4123965.824839981
302586.53505577974	4123965.3040880277
302586.36755242286	4123964.4436143953
302586.2864672182	4123964.0553087303
302586.2127977839	4123963.721812637
302586.10401024844	4123963.2559923218
302585.9621340267	4123962.6464952542
302585.8559328552	4123962.162852675
302585.75491967285	4123961.6925157616
302585.6471621037	4123961.1945909555
302585.540365838	4123960.733287248
302585.44875206915	4123960.3708604863
302585.31028618786	4123959.867442521
302585.14830651204	4123959.338755996
302584.9238955021	4123958.6871446674
302584.74886193336	4123958.2140001366
302584.6299654479	4123957.895152482
302584.4343477725	4123957.3526720135
302584.2595507151	4123956.832408338
302584.094397211	4123956.3095811903
302583.89430108096	4123955.6721300175
302583.78288140206	4123955.317515758
302583.56954827317	4123954.6438097088
302583.4321886536	4123954.2038682997
302583.3165956962	4123953.8311876343
302583.16571679036	4123953.3473009183
302582.9549700249	4123952.6775011146
302582.796415948	4123952.2071642005
302582.68185296	4123951.88697377
302582.49361290794	4123951.3940538466
302582.2903353217	4123950.9021104877
302582.00206627906	4123950.2623399766
302581.77807488403	4123949.7837022836
302581.5547853932	4123949.297862442
302581.4080645084	4123948.9652208416
302581.2027651317	4123948.478770646
302581.0001284124	4123947.9858507225
302580.72699608805	4123947.318492323
302580.5363070018	4123946.8556016977
302580.3997255808	4123946.5256456435
302580.13729729597	4123945.889659315
302579.9369188779	4123945.405162246
302579.8055712227	4123945.092540175
302579.5210634705	4123944.441661269
302579.37561669317	4123944.111094863
302579.1604906564	4123943.6129259164
302578.8748232361	4123942.943736463
302578.66551842587	4123942.4475206425
302578.4651476382	4123941.9743761146
302578.2588411808	4123941.4925645874
302578.03729882254	4123940.9864610736
302577.8197771539	4123940.5057481825
302577.65941491106	4123940.150889786
302577.4429613581	4123939.66395131
302577.21420922276	4123939.1440538447
302577.0048891548	4123938.6784776733
302576.7908617485	4123938.2061876366
302576.56970085984	4123937.7137559964
302576.3389116771	4123937.2005724
302576.122740412	4123936.7140001357
302575.9100100042	4123936.2279161504
302575.68796410435	4123935.732921038
302575.4651552667	4123935.2596544316
302575.21564354945	4123934.7308458397
302574.9845568172	4123934.228282361
302574.76429619826	4123933.7421983765
302574.4564653863	4123933.062999158
302574.3031603324	4123932.725352675
302574.0035463814	4123932.067881973
302573.8467318049	4123931.7325548255
302573.5204149715	4123931.060191547
302573.3632570739	4123930.7343858783
302573.1486040588	4123930.2810167377
302572.91348900856	4123929.7811388075
302572.66402306466	4123929.262828261
302572.41721215216	4123928.772227675
302572.1649614802	4123928.2807725985
302571.8907228932	4123927.7317003286
302571.6449114316	4123927.2306017
302571.4001070495	4123926.729258927
302571.1555849538	4123926.230723768
302570.90139641805	4123925.728160294
302570.64055504696	4123925.214366346
302570.40316643624	4123924.7396349018
302570.137800836	4123924.205943496
302569.8875948426	4123923.701793106
302569.6361071104	4123923.1950792386
302569.40041222493	4123922.7205919325
302569.1596743093	4123922.2384142
302568.92753472197	4123921.7872423213
302568.66143670067	4123921.2724718144
302568.3986879813	4123920.755137831
302568.14799370687	4123920.2587999403
302567.911345147	4123919.7904161504
302567.6685244088	4123919.322398573
302567.38516106555	4123918.795298964
302567.1155153757	4123918.288951309
302566.87642541004	4123917.8322862713
302566.5931459911	4123917.2878526766
302566.35143914074	4123916.8305772855
302566.06661095587	4123916.3117784574
302565.8091036322	4123915.855113418
302565.5302797784	4123915.353404431
302565.2291704651	4123914.801768693
302564.9504915712	4123914.287242324
302564.7022387018	4123913.8283800203
302564.4158464915	4123913.298839002
302564.10957970604	4123912.7330431063
302563.816389703	4123912.2026475975
302563.5179888254	4123911.678721817
302563.2428575988	4123911.193126112
302562.91835656064	4123910.6107286518
302562.6305834283	4123910.0911974018
302562.3305574901	4123909.5482286555
302562.0413271433	4123909.024424942
302561.7590242864	4123908.5138048246
302561.36019005836	4123907.7932237713
302561.085837031	4123907.297374159
302560.89114251017	4123906.9456895893
302560.62993492966	4123906.473643689
302560.34638848156	4123905.962535289
302560.0646959776	4123905.4547227914
302559.81770958763	4123905.0092882225
302559.55748620117	4123904.540660295
302559.3287416925	4123904.1283067805
302559.070669794	4123903.6630968177
302558.8293367849	4123903.227549939
302558.597365045	4123902.808970838
302558.36630120187	4123902.392100721
302558.142225886	4123901.988292128
302557.8677965646	4123901.4939073618
302557.53524651437	4123900.8940538443
302557.32568230503	4123900.51649037
302557.12872185605	4123900.161387831
302556.93995537644	4123899.8203233783
302556.7501894478	4123899.478038221
302556.559805536	4123899.135020642
302556.3833300106	4123898.8166612685
302556.1778704163	4123898.4465440838
302555.9952913762	4123898.1174425166
302555.833479547	4123897.8256944716
302555.6359774119	4123897.468760879
302555.46532311465	4123897.160899553
302555.2809053904	4123896.829112442
302555.1146837714	4123896.529918105
302554.94576897565	4123896.225963026
302554.7572008609	4123895.886851699
302554.5987001902	4123895.6019395934
302554.42085137224	4123895.282237442
302554.262571955	4123894.9980577533
302554.0976931086	4123894.7020372455
302553.9126726635	4123894.3700059964
302553.74635949114	4123894.0770372483
302553.574942254	4123893.787852676
302553.4066301823	4123893.5013536545
302553.2458101756	4123893.220469863
302553.07956566813	4123892.927256971
302552.9178453916	4123892.6412462313
302552.74982323585	4123892.3447374417
302552.58289971226	4123892.0570177147
302552.26558556466	4123891.5472520874
302552.0775057306	4123891.2713731835
302551.7391573419	4123890.822154435
302551.3705126271	4123890.39490834
302550.9958788395	4123890.0177110736
302550.6509081365	4123889.6829942763
302550.3147112365	4123889.3385118563
302549.9983202447	4123889.0196642005
302549.6599337093	4123888.7083849004
302549.3008104803	4123888.364146621
302548.9665667064	4123888.0566515015
302548.5849901674	4123887.75355092
302548.2135378357	4123887.5028184927
302547.792036677	4123887.26282826
302547.34402337077	4123887.059214979
302546.88310875825	4123886.905650529
302546.4241396434	4123886.800059708
302545.9596086982	4123886.7067979896
302545.44875969784	4123886.600596818
302545.088080072	4123886.5398058
302544.66258111026	4123886.475718885
302544.2282167916	4123886.398692521
302543.80223717575	4123886.332164199
302543.370642328	4123886.2987169335
302542.93775048223	4123886.3032335327
302542.5047899722	4123886.3481554077
302542.09028496675	4123886.4326280667
302541.71353020734	4123886.5498155677
302541.34120812325	4123886.7093614643
302540.9790407665	4123886.9005235755
302540.66290917294	4123887.071788224
302540.32533135364	4123887.2526964266
302539.9726854787	4123887.447520644
302539.63062920526	4123887.670909314
302539.2880159841	4123887.927867324
302538.9812532894	4123888.1956895897
302538.6888109686	4123888.4698595125
302538.3983294005	4123888.7367052115
302538.1072985161	4123888.9979356825
302537.7783342831	4123889.277476697
302537.4467379084	4123889.527842909
302537.10986199457	4123889.7352403705
302536.78491082217	4123889.927745253
302536.43730034726	4123890.118174942
302536.10806908517	4123890.2841905653
302535.7603670594	4123890.451671036
302535.4336382377	4123890.6268419335
302535.10006585007	4123890.817393693
302534.7440859324	4123891.0208849018
302534.38227715465	4123891.2275499385
302534.00186028384	4123891.444835096
302533.60273613804	4123891.6722520883
302533.1373659616	4123891.937266739
302532.6559816826	4123892.210948379
302532.15800347354	4123892.4947618553
302531.88884606276	4123892.6483263103
302531.32436242077	4123892.969859513
302531.0296007631	4123893.1361192763
302530.733297968	4123893.2945665433
302530.44384636765	4123893.4445909574
302530.1319338324	4123893.612193497
302529.8327852719	4123893.7771104877
302529.53896965855	4123893.9325059974
302529.25076165225	4123894.07496205
302528.9187151436	4123894.2374376357
302528.6348711498	4123894.3829454468
302528.36031975766	4123894.5286974
302528.0675341124	4123894.685313614
302527.79475274147	4123894.8317979877
302527.4774767393	4123895.0020860713
302527.1904512872	4123895.1565050194
302526.897993708	4123895.3136095107
302526.6033617483	4123895.4721788466
302526.3000475402	4123895.634776505
302525.9891497134	4123895.802012828
302525.68991722923	4123895.9632677143
302525.3615023121	4123896.140025526
302525.05541100376	4123896.304698379
302524.72878136544	4123896.475474743
302524.44101586257	4123896.6160997483
302524.10355248407	4123896.773448378
302523.7757479185	4123896.93018666
302523.46644844906	4123897.0853380268
302523.1550776006	4123897.2384141986
302522.830435419	4123897.3874620507
302522.5349985588	4123897.5129503305
302522.1995226388	4123897.6435655663
302521.90958275856	4123897.7509874385
302521.58486428316	4123897.874034316
302521.28827538533	4123897.9930528724
302520.97302117373	4123898.1247667368
302520.6696611868	4123898.246837052
302520.38190331333	4123898.3541368535
302520.07574334205	4123898.4609483792
302519.77178444876	4123898.5678819767
302519.2113977899	4123898.783458144
302518.92719140043	4123898.898936658
302518.3690325264	4123899.1058458416
302517.7829843988	4123899.307139782
302517.4894777773	4123899.416758926
302517.1859537607	4123899.5282091214
302516.6602655894	4123899.697642712
302516.2743212231	4123899.8020128338
302515.694327021	4123899.9525255286
302515.12187447504	4123900.118174943
302514.56511559465	4123900.257213027
302514.09078469325	4123900.3415636127
302513.72217431036	4123900.399180802
302513.17952599435	4123900.495005998
302512.74111809814	4123900.5631212317
302512.13601937366	4123900.615855606
302511.6870104306	4123900.6198839266
302511.3779512888	4123900.604503068
302510.9573465823	4123900.556773575
302510.6272608279	4123900.4935411518
302510.2350870599	4123900.385753065
302509.94886269444	4123900.2824815814
302509.5259500982	4123900.088389788
302509.0908647999	4123899.869639785
302508.68403496733	4123899.649791151
302508.34331002267	4123899.4360460313
302507.9170862683	4123899.159800919
302507.5912729746	4123898.9216417377
302507.15497841744	4123898.557505995
302506.84464516526	4123898.2966417386
302506.60806908604	4123898.1037706467
302506.2888666622	4123897.853648573
302505.90351738955	4123897.565806779
302505.47318520566	4123897.2688097083
302505.19562783116	4123897.093272597
302504.8074213491	4123896.8557237685
302504.5048471915	4123896.6711534583
302504.0852037909	4123896.4154161513
302503.53762688604	4123896.0560411504
302503.12929406186	4123895.755381972
302502.8240458007	4123895.5192979877
302502.56134667405	4123895.3219102905
302502.1589647778	4123895.0387071683
302501.89965691546	4123894.857921037
302501.5761133657	4123894.616588024
302501.0987879266	4123894.2238878324
302500.7104975219	4123893.8664659583
302500.4732119071	4123893.627696426
302500.2476717458	4123893.3814806053
302500.02880730573	4123893.124400527
302499.74171318946	4123892.7712511146
302499.3606745244	4123892.3033556035
302499.1307245722	4123892.030406387
302498.8172823425	4123891.675303847
302498.58031716314	4123891.4165147855
302498.3491159921	4123891.1587022864
302497.9379488475	4123890.708384903
302497.63831963466	4123890.389048968
302497.2306505672	4123889.923961076
302496.99576439743	4123889.6317247488
302496.71429696115	4123889.2586778714
302496.2812792289	4123888.6629747464
302495.9127451415	4123888.145884902
302495.6400858391	4123887.727672009
302495.29486336565	4123887.2048448627
302495.0186449514	4123886.8132433025
302494.80080666544	4123886.518077284
302494.6018396856	4123886.243541152
302494.1950594414	4123885.636363415
302493.9056078435	4123885.1413683007
302493.7042566778	4123884.7523302147
302493.4140268808	4123884.1497911513
302493.1699396605	4123883.6668809946
302493.0099359987	4123883.370005994
302492.8577677245	4123883.1029161494
302492.6966692451	4123882.8245958416
302492.48623147	4123882.463145645
302492.1776987542	4123881.9367784574
302491.91112580214	4123881.480601699
302491.70453133446	4123881.1254991605
302491.43314041983	4123880.6582140033
302491.2632071012	4123880.3646348994
302491.0480314733	4123879.992808728
302490.76048722223	4123879.496714979
302490.5336977476	4123879.1019395893
302490.23573746555	4123878.5638536555
302490.0037275788	4123878.1544298236
302489.8298841956	4123877.8516954496
302489.52692856814	4123877.2933458374
302489.31819405477	4123876.8964952547
302489.0272280223	4123876.3641466205
302488.84990754	4123876.045787245
302488.63707604475	4123875.6585802133
302488.36548485653	4123875.124522599
302488.1807390684	4123874.7512315838
302487.9111811147	4123874.23499623
302487.7094580175	4123873.8565782635
302487.5544115534	4123873.564586072
302487.3158289433	4123873.089122205
302487.16044678574	4123872.7856554105
302486.97976365074	4123872.4382433007
302486.7548910623	4123872.005626111
302486.60733857064	4123871.714854633
302486.3720060827	4123871.2096056044
302486.24393525126	4123870.931407366
302485.99062218657	4123870.4189561885
302485.7530733572	4123869.931163224
302485.5291830525	4123869.428355605
302485.2967859732	4123868.9431261118
302485.07225670706	4123868.477183731
302484.8737017154	4123868.0092882197
302484.6788927557	4123867.531260877
302484.4678369999	4123867.0172227914
302484.27495636995	4123866.494883925
302484.08011116873	4123865.9812120497
302483.9711576925	4123865.668223768
302483.82770218875	4123865.179332168
302483.7116209512	4123864.649669081
302483.64061226737	4123864.129893693
302483.6148935784	4123863.638438611
302483.63808312285	4123863.112559708
302483.7075525763	4123862.6275743563
302483.7824217315	4123862.1585802143
302483.8674799432	4123861.7071642005
302483.9977270594	4123861.2281602924
302484.1595560537	4123860.7174181044
302484.3276354318	4123860.242320448
302484.53589692136	4123859.7799181067
302484.8196875098	4123859.283702285
302485.15445961955	4123858.7857774817
302485.4861341956	4123858.321666152
302485.8511244283	4123857.886973768
302486.0792795645	4123857.653209119
302486.5368639468	4123857.224254044
302486.9732824804	4123856.8289903696
302487.2196489808	4123856.6048692754
302487.67339005496	4123856.1850694707
302488.1379534239	4123855.738902483
302488.35417428054	4123855.5195421265
302488.57601037074	4123855.2884630268
302488.79924645415	4123855.0633653714
302489.04626526765	4123854.830821425
302489.2901770115	4123854.614634899
302489.542351388	4123854.40223256
302489.8079229825	4123854.1931261127
302490.10181489063	4123853.981822401
302490.3927465916	4123853.786265761
302490.7042795652	4123853.5815538503
302491.00135865144	4123853.386119277
302491.3166243066	4123853.175425918
302491.59706368373	4123852.9796251343
302491.89625229686	4123852.760875139
302492.1942965023	4123852.5396837275
302492.47316613165	4123852.3424181067
302492.7899500366	4123852.129039198
302493.0841433039	4123851.929942518
302493.3912302492	4123851.7157091205
302493.6990458006	4123851.4913438847
302494.00215783087	4123851.2675890033
302494.2943865302	4123851.052256974
302494.5823503963	4123850.8508409574
302494.8711992742	4123850.661265759
302495.1772753233	4123850.4668077524
302495.49244179635	4123850.2616075575
302495.77464165725	4123850.0808214247
302496.0867029674	4123849.890147601
302496.6561991202	4123849.569346816
302496.94066491013	4123849.4080919335
302497.2474428656	4123849.2252306044
302497.7798830498	4123848.890757949
302498.03832497576	4123848.725840953
302498.321299218	4123848.545421036
302498.84037270606	4123848.215098768
302499.10221352504	4123848.053477675
302499.6386324398	4123847.7502550217
302499.9119059072	4123847.611583142
302500.4155069819	4123847.3639024813
302500.93026223057	4123847.086680799
302501.3976580143	4123846.818736465
302501.88123955653	4123846.5510362703
302502.3672243601	4123846.2918809955
302502.8854662417	4123846.0023302156
302503.3914324279	4123845.7192491624
302503.65861763904	4123845.5786241614
302503.93596139003	4123845.4387315786
302504.37104668503	4123845.2077745483
302504.71358361107	4123845.020518691
302504.9809443003	4123844.874522601
302505.5425402156	4123844.5688585374
302505.80741372	4123844.424571425
302506.09188714006	4123844.2697862694
302506.3725916393	4123844.117198379
302506.65993370867	4123843.961070449
302507.2727228628	4123843.62879506
302507.929903651	4123843.272105606
302508.23762383504	4123843.1047472036
302508.54978051054	4123842.9345811917
302509.2036081784	4123842.5778917396
302509.5325304514	4123842.398326307
302509.8841234677	4123842.206431779
302510.2045122624	4123842.0319933
302510.53417077067	4123841.8530382244
302511.21582665376	4123841.4824327542
302511.7943712715	4123841.1676134192
302512.26591363014	4123840.9144395897
302512.6268030633	4123840.734019668
302512.9784227848	4123840.57068959
302513.3351923451	4123840.406749158
302514.017660761	4123840.0719102933
302514.7231089118	4123839.731578263
302515.43866600946	4123839.410777478
302515.7874781133	4123839.2454942786
302516.1415544977	4123839.0739854896
302516.47670235526	4123838.908336071
302516.81434502604	4123838.7461046297
302517.50901665544	4123838.4106554114
302517.83202996186	4123838.264781387
302518.18600335147	4123838.116588026
302518.85694756545	4123837.868907363
302519.5403200629	4123837.6729845097
302520.23094811436	4123837.53577748
302520.5496088491	4123837.495250137
302521.1203218937	4123837.448375136
302521.56522240705	4123837.4171251366
302522.0991808403	4123837.401011858
302522.519034051	4123837.416636856
302522.8485399721	4123837.440196427
302523.19563164585	4123837.4674181044
302523.5117937565	4123837.490489393
302524.1644045351	4123837.5450548227
302524.5009066113	4123837.5892442777
302524.83518853097	4123837.6471056053
302525.5334307201	4123837.8147081453
302525.868170403	4123837.9133409555
302526.2388597968	4123838.028941543
302526.5689302907	4123838.1331895893
302526.9351641167	4123838.2472032625
302527.2516466606	4123838.349498181
302527.8399874205	4123838.5725206435
302528.1757418143	4123838.7242540442
302528.50350060395	4123838.8931993577
302528.83171715727	4123839.0839952542
302529.23219170433	4123839.347300916
302529.54537072073	4123839.577769667
302530.13020958914	4123840.043345842
302530.42729058163	4123840.2882188843
302530.9832903376	4123840.7959093135
302531.25028100016	4123841.0815538433
302531.4924074637	4123841.366099743
302531.97213616397	4123841.9716905677
302532.1974169259	4123842.260020645
302532.4248568061	4123842.5489610727
302532.6525789734	4123842.8335069716
302532.8857180106	4123843.1181749413
302533.3840471746	4123843.6943468153
302533.6189562322	4123843.9511827515
302533.87109246285	4123844.217051894
302534.3884722232	4123844.7757677133
302534.647726679	4123845.0736192768
302535.0565248962	4123845.5777696683
302535.30750145833	4123845.8825792368
302535.63861718064	4123846.264903458
302535.8725801938	4123846.5510362694
302536.10135521856	4123846.845836074
302536.5401522162	4123847.4340929105
302536.77706017345	4123847.742076308
302537.22393670114	4123848.296153456
302537.6324602592	4123848.8545030667
302537.8264452448	4123849.148570451
302537.99846520426	4123849.428599746
302538.1694017891	4123849.7157091205
302538.46498742147	4123850.1994737685
302538.6890703675	4123850.5772813885
302538.98766961007	4123851.14124623
302539.13311638765	4123851.4267686894
302539.28217186866	4123851.7089952556
302539.5313784115	4123852.150279432
302539.7128511892	4123852.4694932974
302539.9937883852	4123853.0157579477
302540.1959597117	4123853.4649766996
302540.3540483947	4123853.8112901743
302540.5532518858	4123854.2119249413
302540.73046746245	4123854.5593370507
302540.9199968813	4123854.967051893
302541.0539537901	4123855.287730605
302541.2626177311	4123855.7697862703
302541.4811312185	4123856.2270616614
302541.6497560977	4123856.6095079486
302541.83460869663	4123857.09485951
302542.01580681733	4123857.5467638085
302542.21120324056	4123857.977916149
302542.38998284395	4123858.371348769
302542.57945885696	4123858.784556779
302542.75586571614	4123859.132823378
302543.0042559138	4123859.555797013
302543.2378069387	4123859.9112657625
302543.4531160835	4123860.2657579486
302543.6457964411	4123860.6259874413
302543.82163872785	4123860.96595326
302543.99939598993	4123861.3075059964
302544.1872316834	4123861.6591905663
302544.3826128468	4123861.9851183016
302544.56461205345	4123862.2857774817